ip_address,name,as_number,as_org,country_code,city,version,error,dnssec,reliability,checked_at,created_at
199.255.137.34,,31863,DACEN-2,US,,dnsmasq-pi-hole-2.81,,false,1.00,2020-07-15T09:33:33Z,2020-07-15T09:33:33Z
2001:470:1f1a:78e::2,tunnel516963-pt.tunnel.tserv1.bud1.ipv6.he.net.,6939,HURRICANE,US,,,i/o timeout,,0.00,2023-03-01T22:45:37Z,2020-07-15T21:29:38Z
8.8.8.8,dns.google.,15169,GOOGLE,US,,,,true,1.00,2022-04-17T08:03:50Z,2020-07-16T14:19:04Z
208.67.222.222,resolver1.opendns.com.,36692,OPENDNS,US,Wright City,,,true,1.00,2023-03-05T23:46:46Z,2020-07-20T07:20:12Z
45.250.253.222,,396356,LATITUDE-SH,US,New York,,i/o timeout,,0.00,2023-03-04T10:46:31Z,2020-07-29T14:41:49Z
104.171.122.67,,31863,DACEN-2,US,,,i/o timeout,,0.00,2023-03-09T02:47:04Z,2020-08-01T17:22:41Z
205.210.107.165,,62900,COLOMX-LLC,US,San Jose,,connection refused,,0.00,2021-06-29T07:10:28Z,2020-08-05T06:22:49Z
2001:4860:4860::8844,dns.google.,15169,GOOGLE,US,,,,true,0.94,2023-02-09T22:31:57Z,2020-08-09T19:00:20Z
142.77.2.36,cache02.ca-dns.net.,701,UUNET,US,,,Unexpected result for wikileaks.org: {[[195 35 109 44] [185 165 168 41] [195 35 109 53] [141 105 65 113]]},,0.00,2021-09-03T16:44:50Z,2020-08-11T13:44:22Z
142.77.2.85,cache03.ca-dns.net.,701,UUNET,US,,,,false,0.18,2021-09-24T23:00:58Z,2020-08-11T13:44:24Z
45.55.147.169,usdns2.hideipvpn.com.,14061,DIGITALOCEAN-ASN,US,Clifton,SmartDNS 1.0.1,,false,0.98,2023-03-07T13:46:21Z,2020-08-12T01:12:21Z
68.87.68.162,nrcns.s3woodstock.ga.atlanta.comcast.net.,7922,COMCAST-7922,US,Atlanta,,i/o timeout,,0.00,2023-03-02T20:44:53Z,2020-08-13T17:39:28Z
216.106.184.6,ns2.ststelecom.com.,29877,STS-TELECOM-AS-1,US,,,connection refused,,0.00,2021-09-02T12:47:00Z,2009-05-15T14:49:23Z
68.87.76.178,nrcns.sanjose.ca.sanfran.comcast.net.,7922,COMCAST-7922,US,Sacramento,,i/o timeout,,0.00,2022-08-25T10:24:57Z,2020-08-13T17:40:20Z
68.87.76.182,cns.sanjose.ca.sanfran.comcast.net.,7922,COMCAST-7922,US,Sacramento,,i/o timeout,,0.00,2022-08-09T10:24:11Z,2020-08-13T17:40:23Z
68.87.77.130,nrcns.westlandrdc.mi.michigan.comcast.net.,7922,COMCAST-7922,US,Detroit,,i/o timeout,,0.00,2022-04-11T13:03:52Z,2020-08-13T17:40:26Z
68.87.77.134,cns.westlandrdc.mi.michigan.comcast.net.,7922,COMCAST-7922,US,Detroit,,i/o timeout,,0.00,2023-03-05T14:45:51Z,2020-08-13T17:40:27Z
199.85.127.20,,397213,SECURITYSERVICES,US,,,,true,1.00,2023-03-02T01:46:49Z,2020-08-13T22:15:56Z
64.6.64.6,rec1pubns1.ultradns.net.,19905,SECURITYSERVICES,US,,,,true,1.00,2023-03-10T06:48:02Z,2020-08-13T22:15:59Z
64.6.65.6,rec1pubns2.ultradns.net.,397215,SECURITYSERVICES,US,,,,true,1.00,2023-03-02T01:46:39Z,2020-08-13T22:16:00Z
50.116.17.96,li601-96.members.linode.com.,63949,"Akamai Technologies, Inc.",US,Richardson,,connection refused,,0.00,2023-03-02T20:44:44Z,2020-08-13T22:16:33Z
2001:19f0:6401:b3d:5400:2ff:fe5a:fb9f,,20473,AS-CHOOPA,US,Dallas,,i/o timeout,,0.00,2023-03-04T03:44:54Z,2020-08-13T22:16:46Z
2604:a880:0:1010::b:4001,,14061,DIGITALOCEAN-ASN,US,New York,[hidden],,true,0.91,2023-03-04T10:46:33Z,2020-08-13T22:17:24Z
45.33.97.5,45-33-97-5.ip.linodeusercontent.com.,63949,"Akamai Technologies, Inc.",US,Atlanta,,i/o timeout,,0.00,2023-03-07T13:46:11Z,2020-08-18T19:51:03Z
195.46.39.39,dns1.safedns.com.,57926,"SafeDNS, Inc.",US,,,i/o timeout,,0.18,2023-01-09T13:04:57Z,2020-08-23T18:06:01Z
195.46.39.40,dns2.safedns.com.,57926,"SafeDNS, Inc.",US,,,,false,1.00,2023-03-04T22:44:57Z,2020-08-23T18:06:03Z
155.138.234.190,155.138.234.190.vultr.com.,20473,AS-CHOOPA,US,Atlanta,,i/o timeout,,0.00,2022-02-03T07:08:57Z,2020-08-24T23:06:46Z
74.82.42.42,ordns.he.net.,6939,HURRICANE,US,,PowerDNS Recursor 4.4.0 (built Oct 16 2020 10:39:32 by root@a290b6374d56),Unexpected result for wikileaks.org: {[[185 165 168 41] [141 105 65 113] [195 35 109 44] [141 105 69 239] [195 35 109 53]]},,0.95,2021-01-10T04:35:14Z,2020-08-29T18:11:55Z
62.93.184.194,,3257,GTT Communications Inc.,US,,,i/o timeout,,0.00,2022-04-22T07:03:51Z,2020-09-02T07:36:38Z
129.250.35.250,x.ns.gin.ntt.net.,2914,NTT-LTD-2914,US,,9.8.2rc1-RedHat-9.8.2-0.68.rc1.el6_10.8,,false,1.00,2022-04-19T07:03:51Z,2020-09-02T07:37:26Z
129.250.35.251,y.ns.gin.ntt.net.,2914,NTT-LTD-2914,US,,9.11.3-1ubuntu1.18-Ubuntu,,false,0.96,2023-03-06T23:47:43Z,2020-09-02T07:37:26Z
156.154.70.1,rdns1.ultradns.net.,397213,ULTRADNS,US,,,,true,1.00,2022-12-06T20:47:28Z,2020-09-02T07:37:29Z
69.54.70.15,slimer.isphone.net.,20340,CALLTOWER,US,,9.8.2rc1-RedHat-9.8.2-0.37.rc1.el6_7.7,SERVFAIL for wikileaks.org,,0.87,2020-07-15T10:38:14Z,2009-05-15T14:53:29Z
75.103.118.14,,203,CENTURYLINK-LEGACY-LVLT-203,US,,,i/o timeout,,0.00,2023-03-01T22:46:46Z,2020-09-02T19:17:28Z
75.103.119.77,ftp.qlinkmotor.com.,203,CENTURYLINK-LEGACY-LVLT-203,US,,,i/o timeout,,0.00,2023-02-27T23:49:53Z,2020-09-02T19:19:09Z
12.156.228.164,,7018,ATT-INTERNET4,US,,,i/o timeout,,0.00,2022-04-22T07:04:18Z,2020-09-02T19:41:06Z
209.50.14.35,209-50-14-35.dia-static.allophone.net.,15108,ALLO-COMM,US,Lincoln,,i/o timeout,,0.00,2023-03-05T14:45:51Z,2020-09-02T19:41:18Z
12.150.25.218,,7018,ATT-INTERNET4,US,Akron,,i/o timeout,,0.00,2023-03-12T11:45:43Z,2020-09-02T19:41:30Z
96.31.223.110,,12231,CONWAYCORP,US,Conway,,i/o timeout,,0.00,2022-02-17T07:09:15Z,2020-09-02T19:43:10Z
185.228.169.9,security-filter-dns2.cleanbrowsing.org.,205157,Daniel Cid,US,,CleanBrowsing v1.6a - dns-edge-europe-amsterdam-p,,true,0.98,2021-11-29T07:34:28Z,2020-09-03T03:13:47Z
199.2.252.10,ns2.sprintlink.net.,1239,SPRINTLINK,US,,,,true,1.00,2023-02-27T23:49:34Z,2020-09-03T03:13:54Z
204.194.232.200,,36692,OPENDNS,US,,,,true,0.38,2023-02-08T23:35:13Z,2020-09-03T03:16:59Z
204.194.234.200,,36692,OPENDNS,US,,,,true,0.35,2023-02-08T23:35:12Z,2020-09-03T03:17:02Z
208.67.220.222,resolver4.opendns.com.,36692,OPENDNS,US,,,Unexpected result for wikileaks.org: {[[141 105 65 113] [185 165 168 41] [195 35 109 44] [195 35 109 53]]},,0.00,2021-08-31T17:09:52Z,2020-09-03T03:17:07Z
165.87.13.129,nscache.prserv.net.,7018,ATT-INTERNET4,US,,,,false,1.00,2022-12-22T13:07:12Z,2020-09-03T03:40:17Z
165.87.201.244,nscache07.us.prserv.net.,7018,ATT-INTERNET4,US,,,,false,1.00,2022-12-22T13:07:13Z,2020-09-03T03:40:18Z
91.239.207.90,,47810,Proservice LLC,US,,,Unexpected result for example.com: NXDOMAIN,,0.00,2023-03-04T17:47:04Z,2020-09-03T19:51:44Z
8.0.7.0,cns3.Atlanta2.Level3.net.,3356,LEVEL3,US,Atlanta,,,false,1.00,2023-02-28T23:47:32Z,2020-09-05T14:06:26Z
192.221.134.0,cns2.Atlanta2.Level3.net.,3356,LEVEL3,US,Atlanta,Version: recursive-main/20717463,,false,0.98,2022-12-19T10:04:45Z,2020-09-05T14:07:26Z
192.221.135.0,cns4.Atlanta2.Level3.net.,3356,LEVEL3,US,Atlanta,Version: recursive-main/20717463,,false,0.97,2022-04-19T07:03:20Z,2020-09-05T14:07:27Z
208.67.222.220,resolver3.opendns.com.,36692,OPENDNS,US,,,Unexpected result for wikileaks.org: {[[51 159 197 136] [80 81 248 21]]},,0.01,2023-01-11T08:29:21Z,2020-09-05T14:07:48Z
209.244.0.4,resolver2.level3.net.,3356,LEVEL3,US,,Version: recursive-main/20717463,,false,1.00,2023-03-02T03:46:51Z,2020-09-13T18:04:23Z
2620:74:1b::1:1,,397213,SECURITYSERVICES,US,,,,true,1.00,2023-02-27T23:48:41Z,2020-09-13T18:04:51Z
2620:0:ccc::2,resolver1.ipv6-sandbox.opendns.com.,36692,OPENDNS,US,Lake Charles,,,true,1.00,2023-03-01T05:44:54Z,2020-09-13T18:05:12Z
2001:470:20::2,ordns.he.net.,6939,HURRICANE,US,,PowerDNS Recursor 4.6.0 (built Dec 15 2021 09:19:27 by root@0d75acfec4af),,true,1.00,2022-04-22T07:03:19Z,2020-09-13T18:05:13Z
4.2.2.6,f.resolvers.level3.net.,3356,LEVEL3,US,,Version: recursive-main/20717463,,false,0.50,2020-07-14T15:59:33Z,2009-05-18T01:33:02Z
198.82.247.34,yardbird.cns.vt.edu.,1312,VA-TECH-AS,US,Christiansburg,fancy new chroot version,Unexpected result for wikileaks.org: {[[51 159 197 136] [80 81 248 21]]},,0.85,2023-01-05T07:05:32Z,2020-09-18T18:57:21Z
209.191.129.65,ns2.nyc.pnap.net.,13789,INTERNAP-BLK3,US,,,i/o timeout,,0.00,2022-08-12T11:26:52Z,2020-09-18T18:57:58Z
216.52.97.33,ns2.ocy.pnap.net.,12181,INTERNAP-2BLK,US,,,Unexpected result for wikileaks.org: {[[141 105 69 239] [141 105 65 113] [185 165 168 41] [195 35 109 44] [195 35 109 53]]},,0.00,2021-01-10T04:35:52Z,2020-09-18T18:58:11Z
216.52.254.1,ns1.lax.pnap.net.,10912,INTERNAP-BLK,US,Whittier,,i/o timeout,,0.00,2022-08-11T10:23:49Z,2020-09-18T18:58:12Z
72.22.86.34,,22458,NETSOURCE,US,,,i/o timeout,,0.00,2022-12-28T00:07:23Z,2020-09-20T02:03:02Z
156.154.71.2,,397215,SECURITYSERVICES,US,,,,true,1.00,2023-02-25T20:49:38Z,2020-10-16T13:18:02Z
2607:f130:0:d7::918,,35916,MULTA-ASN1,US,Los Angeles,,i/o timeout,,0.00,2022-12-24T18:06:56Z,2020-11-22T08:23:46Z
173.82.173.131,,35916,MULTA-ASN1,US,,,i/o timeout,,0.00,2022-08-09T13:24:32Z,2020-11-22T08:23:47Z
64.9.50.67,ip67.westfaliausa.com.,3356,LEVEL3,US,Hershey,,,false,1.00,2023-02-25T20:53:04Z,2020-11-22T11:33:28Z
65.125.102.18,ns2.papemachinery.com.,62977,PAPEGROUP,US,Eugene,,Unexpected result for example.com: NXDOMAIN,,0.00,2022-12-25T14:05:23Z,2020-11-22T11:33:41Z
68.87.64.146,,7922,COMCAST-7922,US,,,i/o timeout,,0.00,2023-03-07T13:46:24Z,2020-11-22T11:33:49Z
68.87.72.134,cns.area4.il.chicago.comcast.net.,7922,COMCAST-7922,US,Chicago,,i/o timeout,,0.00,2023-03-07T13:46:12Z,2020-11-22T11:33:50Z
68.87.73.242,nrcns.manassaspr.va.dc02.comcast.net.,7922,COMCAST-7922,US,,,i/o timeout,,0.00,2023-02-25T20:53:14Z,2020-11-22T11:33:52Z
68.87.73.246,cns.manassaspr.va.dc02.comcast.net.,7922,COMCAST-7922,US,,,i/o timeout,,0.00,2023-04-20T15:41:53Z,2020-11-22T11:33:53Z
68.87.74.162,nrcns.bonitasprngs.fl.naples.comcast.net.,7922,COMCAST-7922,US,Naples,,i/o timeout,,0.00,2023-03-09T02:47:05Z,2020-11-22T11:33:54Z
68.87.75.198,cns.summitpark.pa.pitt.comcast.net.,7922,COMCAST-7922,US,Pittsburgh,,i/o timeout,,0.00,2023-04-20T15:41:45Z,2020-11-22T11:33:57Z
128.8.221.10,animalsci-266.umd.edu.,27,UMDNET,US,Bowie,,i/o timeout,,0.00,2021-06-28T13:13:18Z,2020-11-22T11:35:46Z
147.135.113.37,vps-0d906f13.vps.ovh.us.,16276,OVH SAS,US,,,connection refused,,0.00,2021-01-11T11:32:23Z,2020-11-22T11:36:00Z
158.51.134.53,dns1.nonexiste.net.,26457,NONEXISTE-AS,US,,9.18.6-1+ubuntu18.04.1+isc+1-Ubuntu,,false,1.00,2023-02-25T20:53:32Z,2020-11-22T11:36:11Z
172.98.193.42,ns0.backplanedns.org.,31863,DACEN-2,US,Atlanta,9.11.5-P4-5.1+deb10u1-Debian,Unexpected result for wikileaks.org: {[[141 105 65 113] [195 35 109 53] [185 165 168 41] [195 35 109 44] [141 105 69 239]]},,0.93,2021-01-11T11:32:24Z,2020-11-22T11:36:26Z
156.154.71.5,,397215,ULTRADNS,US,,,Unexpected result for wikileaks.org: {[[141 105 69 239] [185 165 168 41] [195 35 109 44] [195 35 109 53] [141 105 65 113]]},,0.66,2021-01-11T11:32:24Z,2020-11-30T19:10:41Z
208.67.220.220,resolver2.opendns.com.,36692,OPENDNS,US,,,,true,1.00,2023-03-09T03:51:49Z,2020-11-30T19:14:53Z
54.174.40.213,ns1.strongarm.io.,14618,AMAZON-AES,US,Ashburn,PowerDNS Recursor 4.2.5 (built Sep 28 2020 14:28:02 by root@7121bfefca8b),Unexpected result for wikileaks.org: {[[141 105 69 239] [141 105 65 113] [195 35 109 53] [185 165 168 41] [195 35 109 44]]},,0.99,2021-01-10T04:35:11Z,2020-11-30T19:15:17Z
216.52.129.1,ns1.chi.pnap.net.,19024,INTERNAP-BLK5,US,,,i/o timeout,,0.00,2023-02-28T06:46:29Z,2020-12-09T19:25:04Z
64.94.33.33,ns2.chg.pnap.net.,19024,INTERNAP-BLK5,US,Chicago,,i/o timeout,,0.00,2022-08-29T09:24:03Z,2020-12-09T19:25:05Z
63.142.251.101,us.adhole.org.,394727,NODISTO,US,Dallas,,connection refused,,0.00,2023-03-09T21:47:33Z,2020-12-10T14:40:21Z
2606:cd80:0:47::871a,,394727,NODISTO,US,,,i/o timeout,,0.00,2023-03-09T21:48:12Z,2020-12-10T14:40:38Z
198.187.30.215,ns1.asunhost.com.,22612,NAMECHEAP-NET,US,,PowerDNS Authoritative Server 4.4.3 (built Jul 13 2022 13:09:24 by root@bh-centos-7.dev.cpanel.net),REFUSED for example.com,,0.00,2023-03-09T08:44:51Z,2020-12-15T18:23:29Z
192.64.118.215,ns2.asunhost.com.,22612,NAMECHEAP-NET,US,,PowerDNS Authoritative Server 4.7.3 (built Apr 25 2023 12:34:07 by root@bh-centos-7.dev.cpanel.net),REFUSED for example.com,,0.00,2023-08-17T21:52:45Z,2020-12-15T18:23:30Z
149.112.112.9,dns9.quad9.net.,19281,QUAD9-AS-1,US,,Q9-P-7.0,,true,0.99,2021-04-23T22:25:24Z,2021-02-01T03:26:54Z
149.112.112.13,,19281,QUAD9-AS-1,US,,Q9-P-7.0,Unexpected result for wikileaks.org: {[[185 165 168 41] [195 35 109 53] [195 35 109 44] [141 105 65 113]]},,0.00,2021-09-01T15:44:20Z,2021-02-01T03:26:57Z
2620:119:35::35,dns.umbrella.com.,36692,OPENDNS,US,,,Unexpected result for wikileaks.org: {[[51 159 197 136] [80 81 248 21]]},,0.03,2023-01-13T08:30:01Z,2021-02-01T18:36:09Z
2620:119:53::53,dns.umbrella.com.,36692,OPENDNS,US,,,Unexpected result for wikileaks.org: {[[185 165 168 41] [195 35 109 44] [195 35 109 53] [141 105 65 113]]},,0.00,2021-08-31T17:10:02Z,2021-02-01T18:36:09Z
2606:4700:4700::1001,one.one.one.one.,13335,CLOUDFLARENET,US,,,Unexpected result for wikileaks.org: {[[185 165 168 41] [195 35 109 44] [141 105 65 113] [195 35 109 53]]},,0.00,2021-09-01T12:44:57Z,2021-02-01T18:36:10Z
137.118.1.32,ns3.neonova.net.,6250,NEONOVA-NET,US,,,i/o timeout,,0.00,2021-10-19T20:00:08Z,2021-02-12T06:01:01Z
2001:418:3ff::1:53,y.ns.gin.ntt.net.,2914,NTT-LTD-2914,US,,9.11.3-1ubuntu1.18-Ubuntu,,false,1.00,2023-03-08T22:48:14Z,2021-02-12T11:28:51Z
2001:468:c80:2101:0:100:0:22,yardbird.cns.ipv6.vt.edu.,1312,VA-TECH-AS,US,Blacksburg,fancy new chroot version,,true,1.00,2023-04-20T15:45:58Z,2021-02-12T11:29:18Z
2001:978:1:1::d,eu-res1.dns.cogentco.com.,174,COGENT-174,US,,blue,Unexpected result for wikileaks.org: {[[80 81 248 21] [51 159 197 136]]},,0.00,2023-01-11T14:28:58Z,2021-02-12T11:31:15Z
144.216.1.1,unkname.unk.edu.,7896,NU-AS,US,,,i/o timeout,,0.00,2022-02-10T07:09:14Z,2021-02-12T11:36:43Z
12.127.17.72,dns-rs2.bgtmo.ip.att.net.,7018,ATT-INTERNET4,US,Washington,,,false,1.00,2023-04-20T15:46:06Z,2021-02-12T11:36:51Z
151.196.0.37,world2.bellatlantic.net.,701,UUNET,US,Crofton,,,false,1.00,2023-03-10T04:45:05Z,2021-02-12T11:41:04Z
151.197.0.37,world4.bellatlantic.net.,701,UUNET,US,,,,false,1.00,2021-05-03T22:24:27Z,2021-02-12T11:41:08Z
151.197.0.38,nsphil.bellatlantic.net.,701,UUNET,US,Philadelphia,,,false,1.00,2023-04-20T15:45:58Z,2021-02-12T11:41:09Z
151.198.0.38,nsnwrk.bellatlantic.net.,701,UUNET,US,Plainsboro,,,false,1.00,2023-04-20T15:45:57Z,2021-02-12T11:41:11Z
151.198.0.39,home5.bellatlantic.net.,701,UUNET,US,Plainsboro,,,false,1.00,2023-04-20T15:45:58Z,2021-02-12T11:41:12Z
151.199.0.39,home3.bellatlantic.net.,701,UUNET,US,,,,false,1.00,2023-04-20T15:46:01Z,2021-02-12T11:41:13Z
151.201.0.38,nspitt.bellatlantic.net.,701,UUNET,US,,,,false,1.00,2023-04-20T15:45:48Z,2021-02-12T11:41:14Z
151.201.0.39,home6.bellatlantic.net.,701,UUNET,US,,,,false,1.00,2023-04-20T15:45:57Z,2021-02-12T11:41:16Z
151.202.0.84,nyc1-qwest.bellatlantic.net.,701,UUNET,US,New York,,,false,1.00,2023-04-20T15:46:06Z,2021-02-12T11:41:17Z
151.202.0.85,nyc2-qwest.bellatlantic.net.,701,UUNET,US,New York,,,false,1.00,2023-04-20T15:46:07Z,2021-02-12T11:41:18Z
156.154.70.22,,397213,SECURITYSERVICES,US,,,,true,1.00,2023-04-20T15:46:16Z,2021-02-12T11:42:56Z
166.102.165.11,nsvip01.windstream.net.,7029,WINDSTREAM,US,,SERVFAIL,,true,1.00,2023-04-20T15:46:19Z,2021-02-12T11:48:18Z
192.133.129.2,thewall.harding.edu.,23404,RITTERNET,US,Searcy,,,false,1.00,2023-04-20T15:46:13Z,2021-02-12T12:03:24Z
2610:a1:1019::1,,397215,SECURITYSERVICES,US,,,,true,1.00,2023-02-28T06:47:52Z,2021-02-12T12:18:48Z
205.171.2.25,resolver.qwest.net.,209,CENTURYLINK-US-LEGACY-QWEST,US,,,Unexpected result for wikileaks.org: {[[195 35 109 44] [195 35 109 53] [141 105 65 113] [185 165 168 41]]},,0.00,2021-09-01T15:46:50Z,2021-02-12T12:52:41Z
205.214.45.10,resolv-va1.ns.eni.net.,4565,MEGAPATH2,US,,,,true,1.00,2021-05-03T22:24:41Z,2021-02-12T12:53:00Z
206.124.1.254,ns-3.dimensional.com.,6653,FORETHOUGHTNET,US,Eagle,,i/o timeout,,0.00,2022-12-27T21:05:46Z,2021-02-12T12:53:48Z
207.217.120.83,,7029,WINDSTREAM,US,,,i/o timeout,,0.00,2022-12-19T13:05:03Z,2021-02-12T12:54:49Z
209.51.161.14,tserv1.nyc4.he.net.,6939,HURRICANE,US,,PowerDNS Recursor 4.4.3 (built Mar 30 2021 07:07:52 by root@fffc56069d04),,true,1.00,2021-05-03T22:25:05Z,2021-02-12T12:55:16Z
216.52.190.33,ns2.dal.pnap.net.,12179,INTERNAP-2BLK,US,,,i/o timeout,,0.00,2023-04-20T15:45:56Z,2021-02-12T13:02:34Z
216.52.41.33,ns2.den.pnap.net.,13790,INTERNAP-BLK3,US,,,i/o timeout,,0.00,2021-10-01T20:01:08Z,2021-02-12T13:02:37Z
216.52.65.33,ns2.phi.pnap.net.,12178,INTERNAP-2BLK,US,,,i/o timeout,,0.00,2021-09-29T18:00:40Z,2021-02-12T13:02:38Z
199.249.18.1,NDCDNS10.verizon.com.,3378,MCI-ASN,US,,,i/o timeout,,0.00,2023-03-05T14:46:09Z,2021-02-12T13:06:33Z
199.249.19.1,OMZDNS10.verizon.com.,3378,MCI-ASN,US,,,i/o timeout,,0.18,2021-05-03T22:24:01Z,2021-02-12T13:06:35Z
199.45.32.43,home1.bellatlantic.net.,701,UUNET,US,Hudson,,Unexpected result for wikileaks.org: {[[195 35 109 44] [141 105 65 113] [195 35 109 53] [185 165 168 41]]},,0.00,2021-09-01T12:45:07Z,2021-02-12T13:07:03Z
63.251.129.33,ns2.bsn.pnap.net.,14742,INTERNAP-BLOCK-4,US,,,i/o timeout,,0.00,2021-05-03T22:24:28Z,2021-02-12T13:09:02Z
63.251.62.1,ns1.sfo.pnap.net.,14743,INTERNAP-BLOCK-4,US,,,i/o timeout,,0.00,2021-05-03T22:24:28Z,2021-02-12T13:09:03Z
64.94.1.33,ns2.acs.pnap.net.,14745,INTERNAP-BLOCK-4,US,Atlanta,,,false,0.99,2021-05-03T22:24:37Z,2021-02-12T13:09:37Z
66.232.139.10,ns.siteprotect.co.kr.,9952,Hostway IDC,US,,PowerDNS Recursor 4.1.10 (built Jan 24 2019 10:52:45 by buildbot@f26da2028ca2),SERVFAIL for example.com,,0.00,2023-04-20T15:45:47Z,2021-02-12T13:10:22Z
68.179.203.94,ns2.wa-k20.net.,10430,WA-K20,US,Arlington,,i/o timeout,,0.43,2022-02-17T07:07:48Z,2021-02-12T13:10:34Z
69.25.1.1,ns1.mia003.pnap.net.,12180,INTERNAP-2BLK,US,Boynton Beach,,i/o timeout,,0.00,2022-12-24T18:09:19Z,2021-02-12T13:10:46Z
69.25.1.33,ns2.mia003.pnap.net.,12180,INTERNAP-2BLK,US,,,i/o timeout,,0.00,2021-11-29T07:34:31Z,2021-02-12T13:10:50Z
72.11.150.74,72.11.150.74.static.quadranet.com.,8100,ASN-QUADRANET-GLOBAL,US,Los Angeles,,i/o timeout,,0.00,2023-02-28T18:48:27Z,2021-02-12T13:11:19Z
156.154.70.25,,19905,NEUSTAR-AS6,US,,,Unexpected result for wikileaks.org: {[[141 105 65 113] [195 35 109 44] [185 165 168 41] [195 35 109 53]]},,0.00,2021-09-01T12:46:53Z,2021-02-12T14:54:54Z
195.7.64.3,resolv1.pi.se.,3257,GTT Communications Inc.,US,,,,false,0.87,2021-05-03T22:26:06Z,2021-02-12T15:02:54Z
216.169.160.2,ns1.ceinetworks.com.,7029,WINDSTREAM,US,State College,SERVFAIL,,true,1.00,2023-04-20T15:46:20Z,2021-02-12T15:31:00Z
216.17.128.2,,0,,US,,,i/o timeout,,0.00,2023-02-27T23:49:53Z,2021-02-12T15:31:12Z
216.199.46.11,nsorl.fdn.com.,7029,WINDSTREAM,US,,SERVFAIL,,true,1.00,2023-04-20T15:46:09Z,2021-02-12T15:32:54Z
206.74.254.2,dns4.InfoAve.net.,2711,SPIRITTEL-AS,US,Johnsonville,"Aww, Shucks!!!",,false,0.93,2021-05-03T22:24:03Z,2021-02-12T15:33:24Z
66.151.145.1,ns1.sje.pnap.net.,12182,INTERNAP-2BLK,US,San Jose,,i/o timeout,,0.00,2023-03-01T16:46:37Z,2021-02-12T15:34:44Z
66.153.50.66,dns1-nyc.paetec.net.,7029,WINDSTREAM,US,Trona,SERVFAIL,Unexpected result for wikileaks.org: {[[80 81 248 21] [51 159 197 136]]},,0.00,2023-01-13T08:28:33Z,2021-02-12T15:34:46Z
207.170.7.6,ns2.norlight.net.,7029,WINDSTREAM,US,Eau Claire,SERVFAIL,Unexpected result for wikileaks.org: {[[141 105 65 113] [195 35 109 53] [195 35 109 44] [185 165 168 41]]},,0.02,2021-09-03T01:50:57Z,2021-02-12T15:36:10Z
207.217.126.81,,7029,WINDSTREAM,US,,,i/o timeout,,0.00,2023-04-20T15:45:23Z,2021-02-12T15:37:27Z
216.52.126.1,ns1.wdc002.pnap.net.,10913,INTERNAP-BLK,US,,,i/o timeout,,0.00,2021-05-03T22:24:55Z,2021-02-12T15:38:45Z
216.52.169.1,ns1.hou.pnap.net.,13791,INTERNAP-BLK3,US,,,i/o timeout,,0.00,2021-05-03T22:24:19Z,2021-02-12T15:38:55Z
216.52.254.33,ns2.lax.pnap.net.,10912,INTERNAP-BLK,US,,,i/o timeout,,0.00,2023-04-20T15:45:52Z,2021-02-12T15:38:57Z
216.52.41.1,ns1.den.pnap.net.,13790,INTERNAP-BLK3,US,,,i/o timeout,,0.00,2023-03-01T16:46:37Z,2021-02-12T15:38:58Z
216.52.65.1,ns1.phi.pnap.net.,12178,INTERNAP-2BLK,US,,,i/o timeout,,0.00,2023-02-28T18:48:27Z,2021-02-12T15:38:59Z
66.216.18.222,,19151,BBO-1,US,North Charleston,9.11.10-RedHat-9.11.10-1.fc29,REFUSED for example.com,,0.00,2022-12-24T18:09:16Z,2021-02-12T15:39:26Z
66.242.160.6,rdns-c.modesto.net.,25649,AYERA-AS,US,,,i/o timeout,,0.00,2023-04-20T15:46:16Z,2021-02-12T15:40:16Z
207.68.32.39,home7.bellatlantic.net.,701,UUNET,US,,,,false,1.00,2021-05-03T22:24:27Z,2021-02-12T15:41:41Z
207.69.188.171,,7029,WINDSTREAM,US,,,i/o timeout,,0.00,2023-01-12T13:29:23Z,2021-02-12T15:41:42Z
207.69.188.172,,7029,WINDSTREAM,US,,,i/o timeout,,0.00,2021-08-31T17:10:04Z,2021-02-12T15:41:44Z
207.69.188.185,rns1.earthlink.net.,7029,WINDSTREAM,US,,Version: main/17458,,false,1.00,2021-05-03T22:25:03Z,2021-02-12T15:41:45Z
207.69.188.186,,7029,WINDSTREAM,US,,,i/o timeout,,0.00,2021-09-20T20:45:27Z,2021-02-12T15:41:46Z
207.69.188.187,,7029,WINDSTREAM,US,,,i/o timeout,,0.00,2022-03-30T11:17:01Z,2021-02-12T15:41:47Z
209.143.0.10,primary.dns.bright.net.,7106,INDEPENDENTSFIBERNETWORK,US,Lima,9.11.32,Unexpected result for wikileaks.org: {[[141 105 65 113] [185 165 168 41] [195 35 109 44] [195 35 109 53]]},,0.00,2021-09-01T16:50:16Z,2021-02-12T15:53:20Z
209.193.68.2,rns2.vcn.com.,10835,VISIONARY,US,Casper,9.11.3-1ubuntu1.18-Ubuntu,REFUSED for example.com,,0.00,2023-03-11T12:46:52Z,2021-02-12T15:56:06Z
209.216.160.2,,11233,GORGE-NETWORKS,US,Grass Valley,,,false,0.97,2021-05-03T22:24:50Z,2021-02-12T15:58:08Z
209.253.113.10,cachens2.mcleodusa.net.,7029,WINDSTREAM,US,Dallas,SERVFAIL,,false,1.00,2021-05-03T22:24:51Z,2021-02-12T15:59:37Z
68.87.72.130,chic-cns.area4.il.chicago.comcast.net.,7922,COMCAST-7922,US,Chicago,[SECURED],,true,1.00,2021-05-03T22:24:27Z,2021-02-12T16:04:26Z
68.87.74.166,cns.bonitasprngs.fl.naples.comcast.net.,7922,COMCAST-7922,US,Naples,[SECURED],,true,1.00,2021-05-03T22:24:16Z,2021-02-12T16:04:28Z
69.16.132.4,dns1.puregig.net.,12989,StackPath LLC,US,,,i/o timeout,,0.00,2023-03-01T22:46:46Z,2021-02-12T16:06:36Z
69.16.170.11,,0,,US,,,i/o timeout,,0.00,2023-03-03T18:49:05Z,2021-02-12T16:06:41Z
69.169.190.211,,29933,OFF-CAMPUS-TELECOMMUNICATIONS,US,Lehi,PowerDNS Recursor 4.2.1,,false,0.96,2023-03-03T21:45:04Z,2021-02-12T16:06:53Z
69.28.104.5,ns2.telekenex.com.,32035,CCDT-AS,US,,,connection refused,,0.00,2023-04-20T15:45:31Z,2021-02-12T16:07:43Z
69.28.97.4,ns.telekenex.com.,32035,CCDT-AS,US,,,connection refused,,0.00,2022-04-11T10:02:39Z,2021-02-12T16:08:15Z
69.60.160.203,edelta2.DADNS.america.net.,4452,AMERICA,US,,9.10.2-P3,Unexpected result for wikileaks.org: {[[185 165 168 41] [141 105 65 113] [195 35 109 44] [195 35 109 53]]},,0.10,2021-09-01T19:50:14Z,2021-02-12T16:09:32Z
63.246.63.142,cache1.geusnet.com.,15054,OMEGA-TX,US,Greenville,9.8.2rc1-RedHat-9.8.2-0.68.rc1.el6_10.1,,false,0.55,2021-05-03T22:23:59Z,2021-02-12T17:14:38Z
63.251.129.1,ns1.bsn.pnap.net.,14742,INTERNAP-BLOCK-4,US,,,i/o timeout,,0.00,2023-03-03T18:48:51Z,2021-02-12T17:15:05Z
63.251.161.1,ns1.sef.pnap.net.,14744,INTERNAP-BLOCK-4,US,Jacksonville,,i/o timeout,,0.00,2022-01-03T21:39:23Z,2021-02-12T17:15:06Z
63.251.161.33,ns2.sef.pnap.net.,14744,INTERNAP-BLOCK-4,US,Olympia,,i/o timeout,,0.00,2021-09-20T20:45:25Z,2021-02-12T17:15:09Z
63.251.62.33,ns2.sfo.pnap.net.,14743,INTERNAP-BLOCK-4,US,,,i/o timeout,,0.00,2023-02-27T23:49:52Z,2021-02-12T17:15:10Z
216.116.96.2,nscl-01.tierzero.net.,11509,TIERZERO-AS11509,US,,,REFUSED for example.com,,0.00,2022-12-06T21:51:09Z,2021-02-12T17:25:12Z
64.233.207.2,dns2.wideopenwest.com.,12083,WOW-INTERNET,US,Owensboro,9.11.0-P3,Unexpected result for wikileaks.org: {[[195 35 109 44] [195 35 109 53] [185 165 168 41] [141 105 65 113]]},,0.00,2021-09-02T05:44:04Z,2021-02-12T17:25:23Z
64.233.217.2,try11-dns1.try.wideopenwest.com.,12083,WOW-INTERNET,US,Saint Clair Shores,9.11.2-P1,,true,1.00,2021-05-03T22:25:02Z,2021-02-12T17:25:24Z
64.238.96.12,dns.atl.cbeyond.com.,17184,ATL-CBEYOND,US,Atlanta,PowerDNS Recursor 4.0.7 (built Nov 27 2017 12:03:02 by root@25912ad58088),,false,1.00,2021-05-03T22:25:02Z,2021-02-12T17:25:38Z
216.135.0.10,ns1.communitytelephone.net.,7029,WINDSTREAM,US,,,i/o timeout,,0.00,2021-08-24T09:11:06Z,2021-02-12T17:26:00Z
216.143.135.11,,3356,LEVEL3,US,,,i/o timeout,,0.00,2023-03-09T21:48:00Z,2021-02-12T17:26:32Z
64.94.33.1,ns1.chg.pnap.net.,19024,INTERNAP-BLK5,US,Chicago,,i/o timeout,,0.00,2023-02-27T23:49:35Z,2021-02-12T17:35:56Z
8.12.17.18,8.12.17.18.vultr.com.,20473,AS-CHOOPA,US,Piscataway,,i/o timeout,,0.00,2021-05-03T22:24:28Z,2021-02-18T19:24:45Z
70.179.123.101,ip70-179-123-101.ks.ks.cox.net.,22773,ASN-CXA-ALL-CCI-22773-RDC,US,Hutchinson,,i/o timeout,,0.00,2023-03-07T13:46:34Z,2021-03-06T17:20:32Z
162.0.238.39,reblot-discrepant.vpsrdns.web-hosting.com.,22612,NAMECHEAP-NET,US,Greensboro,9.16.1-Ubuntu,REFUSED for example.com,,0.00,2023-04-20T15:48:11Z,2021-03-12T14:35:25Z
45.67.219.208,la.ahadns.net.,63473,HOSTHATCH,US,Los Angeles,,,true,1.00,2023-04-20T15:48:28Z,2021-03-19T15:57:36Z
185.213.26.187,ny.ahadns.net.,63473,HOSTHATCH,US,New York,,i/o timeout,,0.00,2023-04-20T15:48:28Z,2021-03-19T15:57:38Z
2001:418:8006::12,rgnet-iad.anycast.censurfridns.dk.,3927,RGnet OU,US,,,i/o timeout,,0.00,2023-04-20T15:48:36Z,2021-03-28T20:59:37Z
23.236.245.76,,36352,AS-COLOCROSSING,US,Los Angeles,,i/o timeout,,0.00,2021-12-27T09:31:06Z,2021-04-01T06:04:53Z
69.162.67.202,202-67-162-69.static.reverse.lstn.net.,46475,LIMESTONENETWORKS,US,,anonymous,,false,1.00,2023-04-20T15:48:18Z,2021-04-05T22:01:50Z
45.90.30.126,dns2.nextdns.io.,34939,"nextdns, Inc.",US,,,,true,1.00,2023-02-25T20:49:30Z,2021-04-08T10:45:05Z
134.195.4.2,arthur.101010.gg.,36232,NEXTGI,US,,ams-dns-01-101010,,true,0.74,2023-05-05T04:46:59Z,2021-04-13T07:49:38Z
107.155.83.188,107-155-83-188.static.maxkvm.net.,29802,HVC-AS,US,Dallas,,,true,1.00,2021-05-03T22:23:44Z,2021-04-13T07:57:35Z
162.245.221.19,fall.helpingheroesusa.com.,26548,PUREVOLTAGE-INC,US,Staten Island,,,true,0.99,2021-05-03T22:25:55Z,2021-04-13T07:57:39Z
66.187.76.168,,40156,THEOPT-HOU,US,Houston,,i/o timeout,,0.95,2021-05-03T22:24:13Z,2021-04-18T01:07:25Z
24.96.80.122,user-24-96-80-122.knology.net.,12083,WOW-INTERNET,US,Montgomery,,,false,0.99,2021-05-03T22:24:15Z,2021-04-23T16:46:50Z
69.1.1.251,user-69-1-1-251.knology.net.,12083,WOW-INTERNET,US,Montgomery,,,false,0.98,2021-05-03T22:26:33Z,2021-04-25T05:42:02Z
45.90.28.169,dns1.nextdns.io.,34939,"nextdns, Inc.",US,,,,true,1.00,2021-05-03T22:25:55Z,2021-04-29T03:44:54Z
45.90.30.169,dns2.nextdns.io.,34939,"nextdns, Inc.",US,,,,true,1.00,2021-05-03T22:25:01Z,2021-04-29T03:44:56Z
64.212.106.84,dns1.jfk.gblx.net.,3549,LVLT-3549,US,New York,Version: recursive-main/20717463,,false,0.01,2021-09-01T13:48:31Z,2021-05-06T13:52:09Z
67.17.215.132,dns1.snv.gblx.net.,3549,LVLT-3549,US,Chagrin Falls,Version: recursive-main/20717463,,false,1.00,2023-04-20T15:48:28Z,2021-05-06T13:52:09Z
156.154.71.22,,397215,ULTRADNS,US,,,Unexpected result for wikileaks.org: {[[185 165 168 41] [195 35 109 53] [141 105 65 113] [195 35 109 44]]},,0.00,2021-09-01T12:44:40Z,2021-05-06T13:52:20Z
45.90.28.55,dns1.nextdns.io.,34939,"nextdns, Inc.",US,,,Unexpected result for wikileaks.org: {[[195 35 109 44] [141 105 65 113] [185 165 168 41] [195 35 109 53]]},,0.00,2021-09-01T15:46:23Z,2021-05-06T21:34:44Z
45.90.28.205,dns1.nextdns.io.,34939,"nextdns, Inc.",US,,,Unexpected result for wikileaks.org: {[[195 35 109 44] [195 35 109 53] [141 105 65 113] [185 165 168 41]]},,0.00,2021-09-01T13:46:21Z,2021-05-12T14:59:30Z
45.90.30.205,dns2.nextdns.io.,34939,"nextdns, Inc.",US,,,Unexpected result for wikileaks.org: {[[195 35 109 53] [141 105 65 113] [185 165 168 41] [195 35 109 44]]},,0.01,2021-09-01T18:52:45Z,2021-05-12T14:59:30Z
173.255.241.5,resolver08.fremont.linode.com.,63949,"Linode, LLC",US,Fremont,,Unexpected result for verisignlabs.com: {[[209 131 162 50] [69 58 187 68]]},,0.91,2021-06-28T13:13:51Z,2021-05-14T06:21:36Z
198.13.100.82,resolver2.lax.psychz.net.,40676,AS40676,US,,,REFUSED for example.com,,0.00,2023-04-20T15:48:20Z,2021-05-14T06:24:59Z
199.187.127.201,res2.databasebydesignllc.com.,17090,DATABASEBYDESIGNLLC,US,,9.8.2rc1-RedHat-9.8.2-0.62.rc1.el6_9.4,,true,0.97,2023-03-04T07:46:58Z,2021-05-14T06:25:07Z
208.105.189.156,rrcs-208-105-189-156.nys.biz.rr.com.,11351,TWC-11351-NORTHEAST,US,Lincoln,,i/o timeout,,0.00,2022-04-19T07:03:04Z,2021-05-14T06:27:29Z
208.78.24.238,dns1.nyc.dns-roots.net.,29838,AMC,US,The Bronx,DNSROOTS,Unexpected result for wikileaks.org: {[[185 165 168 41] [195 35 109 44] [195 35 109 53] [141 105 65 113]]},,0.00,2021-09-01T22:53:44Z,2021-05-14T06:27:32Z
209.244.0.3,resolver1.level3.net.,3356,LEVEL3,US,,Version: recursive-main/20717463,Unexpected result for wikileaks.org: {[[195 35 109 53] [185 165 168 41] [141 105 65 113] [195 35 109 44]]},,0.00,2021-09-01T14:46:33Z,2021-05-14T06:27:54Z
216.12.255.1,auth0.wayport.net.,14654,WAYPORT,US,Austin,None of your business,Unexpected result for wikileaks.org: {[[195 35 109 44] [141 105 65 113] [185 165 168 41] [195 35 109 53]]},,0.00,2021-08-31T17:10:07Z,2021-05-14T06:29:10Z
24.154.1.4,ns1.zbzoom.net.,27364,ACS-INTERNET,US,Butler,9.3.6-P1-RedHat-9.3.6-25.P1.el5_11.12,Unexpected result for wikileaks.org: {[[185 165 168 41] [195 35 109 44] [195 35 109 53] [141 105 65 113]]},,0.00,2021-09-01T15:46:25Z,2021-05-14T06:29:50Z
64.156.195.130,,21581,M5HOSTING,US,,dnsmasq-2.76,Unexpected result for wikileaks.org: {[[141 105 65 113] [185 165 168 41] [195 35 109 44] [195 35 109 53]]},,0.00,2021-09-01T18:52:32Z,2021-05-14T06:31:48Z
64.94.1.1,ns1.acs.pnap.net.,14745,INTERNAP-BLOCK-4,US,Roswell,,i/o timeout,,0.00,2022-12-27T21:05:46Z,2021-05-14T06:32:09Z
66.187.166.250,250.166.187.66.static.Dasia.Net.,46860,DASIANET,US,Wingate,,i/o timeout,,0.00,2023-03-05T06:50:04Z,2021-05-14T06:32:13Z
2606:4700:4700::1112,,13335,CLOUDFLARENET,US,,,Unexpected result for wikileaks.org: {[[195 35 109 44] [185 165 168 41] [195 35 109 53] [141 105 65 113]]},,0.00,2021-09-01T18:52:02Z,2021-05-29T04:45:49Z
2606:4700:4700::1003,,13335,CLOUDFLARENET,US,,,Unexpected result for wikileaks.org: {[[195 35 109 53] [185 165 168 41] [141 105 65 113] [195 35 109 44]]},,0.00,2021-09-01T18:49:48Z,2021-05-29T04:46:49Z
2606:4700:4700::1002,,13335,CLOUDFLARENET,US,,,Unexpected result for wikileaks.org: {[[141 105 65 113] [195 35 109 53] [185 165 168 41] [195 35 109 44]]},,0.00,2021-09-03T01:49:50Z,2021-05-29T04:47:23Z
62.112.140.149,,397423,TIER-NET,US,Cambridge,,connection refused,,0.00,2022-08-07T18:24:56Z,2021-05-29T14:45:27Z
96.7.136.4,a96-7-136-4.deploy.static.akamaitechnologies.com.,21342,Akamai International B.V.,US,,Akamai Vantio CacheServe 7.7.0.0.d,Unexpected result for wikileaks.org: {[[185 165 168 41] [141 105 65 113] [195 35 109 53] [195 35 109 44]]},,0.00,2021-09-02T20:45:34Z,2021-06-08T19:11:48Z
45.90.30.193,dns2.nextdns.io.,34939,"nextdns, Inc.",US,,,,true,1.00,2023-04-20T15:48:37Z,2021-06-09T14:12:29Z
64.111.16.2,rec1.data102.com.,33302,D102-COS-1,US,Colorado Springs,PowerDNS Recursor 4.4.0-alpha2 (built Jul 17 2020 08:31:50 by root@46fe5a8f2ec3),Unexpected result for wikileaks.org: {[[195 35 109 53] [141 105 65 113] [195 35 109 44] [185 165 168 41]]},,0.01,2021-09-01T22:53:41Z,2021-06-09T14:14:53Z
64.111.16.3,neith.data102.com.,33302,D102-COS-1,US,Colorado Springs,PowerDNS Recursor 4.4.0-alpha2 (built Jul 17 2020 08:31:50 by root@46fe5a8f2ec3),,true,1.00,2023-04-20T15:48:17Z,2021-06-09T14:14:55Z
66.6.128.111,,21772,SKY-WEB,US,,,i/o timeout,,0.00,2021-09-01T12:46:33Z,2021-06-09T14:15:02Z
66.175.146.133,dns1.gtpdd.com.,11272,TELEPAK-NETWORKS-INC,US,Madison,,,false,0.61,2023-04-27T02:40:17Z,2021-06-09T14:15:20Z
68.87.68.166,cns.s3woodstock.ga.atlanta.comcast.net.,7922,COMCAST-7922,US,Atlanta,,i/o timeout,,0.00,2023-03-05T14:44:53Z,2021-06-09T14:15:29Z
68.87.75.194,nrcns.summitpark.pa.pitt.comcast.net.,7922,COMCAST-7922,US,Pittsburgh,,i/o timeout,,0.00,2023-04-20T15:47:57Z,2021-06-09T14:15:30Z
69.60.134.50,ns1.all2find.com.,23131,STARLAN,US,Jersey City,,Unexpected result for wikileaks.org: {[[195 35 109 44] [141 105 65 113] [195 35 109 53] [185 165 168 41]]},,0.00,2021-09-03T15:57:51Z,2021-06-09T14:15:32Z
148.78.200.7,,16811,SAGENET-GTH,US,,,i/o timeout,,0.00,2021-08-31T17:11:45Z,2021-06-09T14:18:40Z
149.112.112.12,,19281,QUAD9-AS-1,US,,Q9-B-7.2,,false,0.33,2021-09-24T15:01:32Z,2021-06-09T14:18:43Z
162.223.88.133,windows.sindad.com.,19084,COLOUP,US,Buffalo,,Unexpected result for wikileaks.org: {[[185 165 168 41] [141 105 65 113] [195 35 109 44] [195 35 109 53]]},,0.00,2021-09-01T15:44:02Z,2021-06-09T14:18:57Z
168.215.210.50,,3549,LVLT-3549,US,,Version: recursive-main/18640994,Unexpected result for verisignlabs.com: {[[69 58 187 68] [209 131 162 50]]},,0.00,2021-08-24T09:11:03Z,2021-06-09T14:19:10Z
169.53.182.124,7c.b6.35a9.ip4.static.sl-reverse.com.,36351,SOFTLAYER,US,,dnsmasq-2.68,,false,0.02,2021-09-03T08:54:13Z,2021-06-09T14:19:11Z
198.199.103.49,kiri.nonexiste.net.,14061,DIGITALOCEAN-ASN,US,San Francisco,9.11.5-P4-5.1+deb10u3-Raspbian,Unexpected result for verisignlabs.com: {[[69 58 187 68] [209 131 162 50]]},,0.00,2021-08-24T09:11:07Z,2021-06-09T14:21:24Z
199.27.185.149,,20019,PEC-TEL,US,,,i/o timeout,,0.00,2023-03-08T17:48:14Z,2021-06-09T14:21:25Z
199.101.81.97,,26128,AS-360WISP,US,Milton-Freewater,,i/o timeout,,0.00,2023-04-20T15:48:35Z,2021-06-09T14:21:28Z
204.15.52.15,ns1.maininet.com.,36024,AS-TIERP-36024,US,,,i/o timeout,,0.00,2021-08-31T17:11:43Z,2021-06-09T14:23:25Z
205.171.2.65,resolver.qwest.net.,209,CENTURYLINK-US-LEGACY-QWEST,US,,,Unexpected result for verisignlabs.com: {[[69 58 187 68] [209 131 162 50]]},,0.00,2021-08-24T09:11:06Z,2021-06-09T14:23:26Z
205.171.202.66,hvdns2.centurylink.net.,209,CENTURYLINK-US-LEGACY-QWEST,US,,,Unexpected result for wikileaks.org: {[[195 35 109 53] [141 105 65 113] [185 165 168 41] [195 35 109 44]]},,0.01,2021-09-03T08:48:58Z,2021-06-09T14:23:28Z
209.244.0.53,nresolver2.Level3.net.,3356,LEVEL3,US,,Version: recursive-main/20717463,Unexpected result for wikileaks.org: {[[185 165 168 41] [195 35 109 53] [195 35 109 44] [141 105 65 113]]},,0.00,2021-09-01T22:57:28Z,2021-06-09T14:23:40Z
216.106.1.2,ns1.socket.net.,4581,SOCKET,US,Columbia,9.9.5-3ubuntu0.7-Ubuntu,Unexpected result for wikileaks.org: {[[185 165 168 41] [141 105 65 113] [195 35 109 44] [195 35 109 53]]},,0.00,2021-09-01T22:57:36Z,2021-06-09T14:24:49Z
35.231.194.230,230.194.231.35.bc.googleusercontent.com.,15169,GOOGLE,US,North Charleston,,i/o timeout,,0.00,2021-08-31T17:11:41Z,2021-06-23T19:55:50Z
12.150.118.64,,7018,ATT-INTERNET4,US,Knoxville,,,true,0.51,2021-09-29T18:00:00Z,2021-09-01T15:08:32Z
76.215.146.135,adsl-76-215-146-135.dsl.mtry01.sbcglobal.net.,7018,ATT-INTERNET4,US,Carmel Valley,,Unexpected result for wikileaks.org: {[[141 105 65 113] [195 35 109 44] [185 165 168 41] [195 35 109 53]]},,0.50,2021-09-01T15:46:28Z,2021-09-01T15:08:41Z
12.71.110.185,,7018,ATT-INTERNET4,US,New Braunfels,,connection refused,,0.00,2023-04-20T15:48:23Z,2021-09-01T15:09:04Z
108.201.216.113,adsl-108-201-216-113.dsl.scrm01.sbcglobal.net.,7018,ATT-INTERNET4,US,Casey Corner,,i/o timeout,,0.00,2023-04-20T15:48:01Z,2021-09-01T15:09:15Z
12.155.80.64,,7018,ATT-INTERNET4,US,,,Unexpected result for wikileaks.org: {[[141 105 65 113] [195 35 109 44] [185 165 168 41] [195 35 109 53]]},,0.25,2021-09-03T15:58:02Z,2021-09-01T15:09:18Z
12.111.97.103,,7018,ATT-INTERNET4,US,Plains,,Unexpected result for wikileaks.org: {[[141 105 65 113] [185 165 168 41] [195 35 109 53] [195 35 109 44]]},,0.22,2021-09-08T09:46:45Z,2021-09-01T15:09:41Z
76.246.227.123,76-246-227-123.uvs.irvnca.sbcglobal.net.,7018,ATT-INTERNET4,US,Orange,dnsmasq-2.79-1-2-geff17ee,Unexpected result for non-existent.example.com: {[[23 45 205 250]]},,0.14,2021-09-02T02:44:24Z,2021-09-01T15:09:45Z
12.204.167.57,,7018,ATT-INTERNET4,US,Odessa,,i/o timeout,,0.00,2023-04-20T15:48:38Z,2021-09-01T15:10:32Z
12.168.14.210,,7018,ATT-INTERNET4,US,Madison Heights,,i/o timeout,,0.00,2021-10-04T19:02:02Z,2021-09-01T15:10:44Z
12.89.7.114,,7018,ATT-INTERNET4,US,,,Unexpected result for wikileaks.org: {[[195 35 109 53] [185 165 168 41] [141 105 65 113] [195 35 109 44]]},,0.25,2021-09-06T02:52:10Z,2021-09-01T15:10:47Z
69.218.208.196,,7018,ATT-INTERNET4,US,Acworth,,i/o timeout,,0.06,2021-10-06T14:02:11Z,2021-09-01T15:11:58Z
108.74.222.71,adsl-108-74-222-71.dsl.emhril.sbcglobal.net.,7018,ATT-INTERNET4,US,Elk Grove Village,,i/o timeout,,0.00,2021-10-02T18:02:07Z,2021-09-01T15:12:55Z
12.5.210.243,,7018,ATT-INTERNET4,US,Nashville,,Unexpected result for wikileaks.org: {[[195 35 109 44] [185 165 168 41] [195 35 109 53]]},,0.15,2021-09-14T06:51:21Z,2021-09-01T15:13:17Z
76.94.39.7,cpe-76-94-39-7.socal.res.rr.com.,20001,TWC-20001-PACWEST,US,Cypress,,i/o timeout,,0.00,2022-08-09T06:25:10Z,2021-09-01T15:16:55Z
98.153.167.29,rrcs-98-153-167-29.west.biz.rr.com.,20001,TWC-20001-PACWEST,US,Los Angeles,,Unexpected result for wikileaks.org: {[[195 35 109 44] [185 165 168 41] [195 35 109 53] [141 105 65 113]]},,0.30,2021-09-02T20:44:50Z,2021-09-01T15:23:27Z
70.93.251.123,cpe-70-93-251-123.natsow.res.rr.com.,20001,TWC-20001-PACWEST,US,Canoga Park,,i/o timeout,,0.00,2022-12-27T23:06:14Z,2021-09-01T15:24:12Z
98.155.198.141,cpe-98-155-198-141.hawaii.res.rr.com.,20001,TWC-20001-PACWEST,US,Honolulu,,no route to host,,0.00,2021-09-28T10:01:30Z,2021-09-01T15:25:10Z
76.89.49.32,cpe-76-89-49-32.natsow.res.rr.com.,20001,TWC-20001-PACWEST,US,San Luis,,Unexpected result for wikileaks.org: {[[195 35 109 53] [195 35 109 44] [185 165 168 41] [141 105 65 113]]},,0.19,2021-09-03T21:08:52Z,2021-09-01T15:25:13Z
47.140.200.191,,5650,FRONTIER-FRTR,US,Exeter,,i/o timeout,,0.00,2022-08-09T13:24:34Z,2021-09-02T13:16:05Z
76.81.95.43,rrcs-76-81-95-43.west.biz.rr.com.,20001,TWC-20001-PACWEST,US,San Luis,DNSServer,,false,0.25,2021-09-03T15:58:03Z,2021-09-02T17:25:55Z
50.204.174.98,,7922,COMCAST-7922,US,Southgate,dnsmasq-2.76-1-ubnt2,,false,1.00,2023-04-20T15:48:24Z,2021-09-03T07:39:18Z
50.204.174.58,50-204-174-58-static.hfc.comcastbusiness.net.,7922,COMCAST-7922,US,Powhatan,dnsmasq-2.76-1-ubnt2,,false,0.80,2021-09-03T21:12:14Z,2021-09-03T07:39:23Z
50.204.144.106,50-204-144-106-static.hfc.comcastbusiness.net.,7922,COMCAST-7922,US,Portland,,Unexpected result for wikileaks.org: {[[195 35 109 44] [195 35 109 53] [185 165 168 41] [141 105 65 113]]},,0.10,2021-09-04T14:45:27Z,2021-09-03T07:39:29Z
50.204.174.49,50-204-174-49-static.hfc.comcastbusiness.net.,7922,COMCAST-7922,US,Powhatan,,Unexpected result for wikileaks.org: {[[195 35 109 53] [185 165 168 41] [195 35 109 44] [141 105 65 113]]},,0.18,2021-09-03T22:45:29Z,2021-09-03T07:39:30Z
50.204.174.117,50-204-174-117-static.hfc.comcastbusiness.net.,7922,COMCAST-7922,US,Powhatan,,Unexpected result for wikileaks.org: {[[195 35 109 44] [185 165 168 41] [141 105 65 113] [195 35 109 53]]},,0.75,2021-09-03T21:12:21Z,2021-09-03T07:40:47Z
50.204.103.150,,7922,COMCAST-7922,US,Norristown,,i/o timeout,,0.00,2023-04-20T15:48:43Z,2021-09-03T07:44:05Z
98.30.75.23,cpe-98-30-75-23.columbus.res.rr.com.,10796,TWC-10796-MIDWEST,US,Tiffin,,i/o timeout,,0.00,2023-04-20T15:48:26Z,2021-09-06T21:03:32Z
76.190.56.126,rrcs-76-190-56-126.central.biz.rr.com.,10796,TWC-10796-MIDWEST,US,North Olmsted,dnsmasq-2.40,,true,1.00,2021-09-06T21:06:28Z,2021-09-06T21:06:28Z
184.55.4.145,mta-184-55-4-145.cinci.rr.com.,10796,TWC-10796-MIDWEST,US,Plymouth,UNKNOWN,,true,1.00,2021-09-06T21:06:52Z,2021-09-06T21:06:52Z
96.87.252.245,96-87-252-245-static.hfc.comcastbusiness.net.,7922,COMCAST-7922,US,Tucker,,,false,1.00,2021-09-06T21:31:06Z,2021-09-06T21:31:06Z
74.93.217.204,mail.watercrafters.com.,7922,COMCAST-7922,US,Frederick,,,false,1.00,2021-09-06T21:31:18Z,2021-09-06T21:31:18Z
98.38.222.125,,7922,COMCAST-7922,US,Denver,,,true,1.00,2021-09-06T21:31:55Z,2021-09-06T21:31:55Z
173.11.131.1,173-11-131-1-houston.txt.hfc.comcastbusiness.net.,7922,COMCAST-7922,US,Houston,,,false,1.00,2021-09-06T21:33:01Z,2021-09-06T21:33:01Z
73.77.45.195,c-73-77-45-195.hsd1.tx.comcast.net.,7922,COMCAST-7922,US,Humble,,,true,1.00,2021-09-06T21:33:07Z,2021-09-06T21:33:07Z
50.239.7.17,50-239-7-17-static.hfc.comcastbusiness.net.,7922,COMCAST-7922,US,Longmont,dnsmasq-2.83,,false,1.00,2021-09-06T21:33:36Z,2021-09-06T21:33:36Z
50.241.117.197,50-241-117-197-static.hfc.comcastbusiness.net.,7922,COMCAST-7922,US,Farmington,,,true,1.00,2021-09-06T21:33:38Z,2021-09-06T21:33:38Z
98.255.2.112,c-98-255-2-112.hsd1.ca.comcast.net.,7922,COMCAST-7922,US,Davis,,,true,1.00,2021-09-06T21:42:07Z,2021-09-06T21:42:07Z
